c_Idx =
61   61   61   61   61   61   61   61   61   61   61   61   61   61   61   61   61   61   61   61   61   61   61   61   61   61   61   61   61   61   61   61   64   65   65   82   13   67   5    9    
61   61   61   61   61   61   61   61   61   61   61   61   61   61   61   61   61   61   61   61   61   61   61   61   61   61   61   61   61   61   61   62   65   66   81   13   67   4    6    13   
61   61   61   61   61   61   61   61   61   61   61   61   61   61   61   61   61   61   61   61   61   61   61   61   61   61   61   61   61   61   62   64   66   79   70   105  2    5    11   57   
61   61   61   61   61   61   61   61   61   61   61   61   61   61   61   61   61   61   61   61   61   61   61   61   61   61   61   61   61   61   64   66   65   69   70   99   8    11   56   58   
61   61   61   61   61   61   61   61   61   61   61   61   61   61   61   61   61   61   61   61   61   61   61   61   61   61   61   61   61   63   65   64   68   13   7    7    10   80   82   7    
61   61   61   61   61   61   61   61   61   61   61   61   61   61   61   61   61   61   61   61   61   61   61   61   61   61   61   61   62   65   63   14   12   65   5    9    4    24   77   103  
61   61   61   61   61   61   61   61   61   61   61   61   61   61   61   61   61   61   61   61   61   61   61   61   61   61   61   62   64   66   78   83   105  2    9    12   0    81   23   104  
61   61   61   61   61   61   61   61   61   61   61   61   61   61   61   61   61   61   61   61   61   61   61   61   61   61   61   64   66   65   82   69   1    5    11   58   67   42   36   6    
61   61   61   61   61   61   61   61   61   61   61   61   61   61   61   61   61   61   61   61   61   61   61   61   61   61   64   65   64   14   68   2    98   9    79   58   72   6    25   6    
61   61   61   61   61   61   61   61   61   61   61   61   61   61   61   61   61   61   61   61   61   61   61   61   61   63   65   64   79   12   0    4    7    12   57   72   3    7    42   106  
61   61   61   61   61   61   61   61   61   61   61   61   61   61   61   61   61   61   61   61   61   61   61   61   62   64   66   78   69   105  2    4    10   38   71   74   3    7    0    4    
61   61   61   61   61   61   61   61   61   61   61   61   61   61   61   61   61   61   61   61   61   61   61   61   64   66   65   68   104  67   5    10   78   71   73   1    4    8    90   98   
61   61   61   61   61   61   61   61   61   61   61   61   61   61   61   61   61   61   61   61   61   61   61   63   66   64   67   13   65   4    10   79   57   72   0    2    5    9    97   93   
61   61   61   61   61   61   61   61   61   61   61   61   61   61   61   61   61   61   61   61   61   61   62   65   63   79   21   0    4    8    12   57   72   106  1    2    79   60   6    98   
61   61   61   61   61   61   61   61   61   61   61   61   61   61   61   61   61   61   61   61   61   62   64   66   78   69   105  2    5    10   39   71   74   1    2    10   5    7    5    13   
61   61   61   61   61   61   61   61   61   61   61   61   61   61   61   61   61   61   61   61   61   64   65   64   68   104  67   98   9    79   93   73   0    2    9    79   86   93   5    93   
61   61   61   61   61   61   61   61   61   61   61   61   61   61   61   61   61   61   61   61   64   65   64   67   13   67   3    6    13   57   81   73   1    2    78   36   106  97   13   93   
61   61   61   61   61   61   61   61   61   61   61   61   61   61   61   61   61   61   61   62   65   63   79   13   0    4    8    13   31   67   91   3    1    17   34   104  5    90   14   99   
61   61   61   61   61   61   61   61   61   61   61   61   61   61   61   61   61   61   62   64   64   82   69   105  2    5    11   29   102  18   101  2    15   79   35   86   92   9    5    80   
61   61   61   61   61   61   61   61   61   61   61   61   61   61   61   61   61   61   64   66   83   68   13   67   4    11   80   55   102  42   44   64   70   81   104  1    5    92   3    102  
61   61   61   61   61   61   61   61   61   61   61   61   61   61   61   61   61   63   65   64   67   22   2    4    10   79   55   102  37   56   58   63   78   53   48   2    13   93   98   15   
61   61   61   61   61   61   61   61   61   61   61   61   61   61   61   61   62   65   63   82   69   104  3    7    12   24   15   101  40   18   23   54   58   88   48   92   15   85   91   100  
61   61   61   61   61   61   61   61   61   61   61   61   61   61   61   62   64   66   82   68   104  4    7    11   57   41   6    59   45   102  105  32   86   50   88   93   11   6    98   100  
61   61   61   61   61   61   61   61   61   61   61   61   61   61   61   64   66   64   68   13   66   4    9    79   71   41   81   46   64   57   94   51   25   54   94   5    92   3    99   100  
61   61   61   61   61   61   61   61   61   61   61   61   61   61   63   65   64   79   12   1    67   7    19   58   72   86   82   106  59   97   0    52   26   29   86   98   93   98   95   15   
61   61   61   61   61   61   61   61   61   61   61   61   61   62   65   63   82   69   105  3    8    13   57   72   74   5    23   87   93   59   67   103  0    53   86   2    96   14   27   48   
61   61   61   61   61   61   61   61   61   61   61   61   62   64   64   82   68   104  0    5    11   39   71   74   2    6    61   9    95   58   94   103  47   42   45   4    14   82   102  56   
61   61   61   61   61   61   61   61   61   61   61   61   64   66   83   80   68   3    7    10   79   71   73   1    3    7    82   0    101  45   104  23   28   42   87   92   79   13   103  101  
61   61   61   61   61   61   61   61   61   61   61   62   66   64   79   70   2    98   7    79   58   72   0    2    4    24   82   26   100  104  31   24   42   84   94   92   6    1    81   12   
61   61   61   61   61   61   61   61   61   61   61   62   66   78   69   0    5    7    12   57   72   0    1    2    79   25   10   66   57   91   96   46   50   40   85   92   7    98   53   39   
61   61   61   61   61   61   61   61   61   61   61   63   67   43   69   0    5    11   80   71   74   1    2    10   58   88   5    85   44   82   96   103  49   105  88   19   11   100  99   30   
61   61   61   61   61   61   61   61   61   61   61   64   68   12   1    6    10   79   57   95   105  2    9    79   86   9    17   93   104  23   16   104  37   63   96   10   5    96   105  14   
61   61   61   61   61   61   61   61   61   61   61   64   68   90   67   16   78   56   106  94   5    2    78   36   1    4    15   100  25   61   16   37   83   61   0    4    6    12   100  48   
61   61   61   61   61   61   61   61   61   61   61   64   66   67   69   96   56   99   64   22   67   77   35   0    3    17   13   41   49   63   16   33   95   103  1    6    2    14   55   84   
61   61   61   61   61   61   61   61   61   61   61   61   62   63   66   67   77   101  103  21   28   32   104  9    13   15   16   78   91   64   16   36   40   85   2    6    3    100  60   85   
61   61   61   61   61   61   61   61   61   61   61   61   61   61   64   68   77   101  33   1    7    37   104  9    12   19   102  85   54   83   13   6    36   94   98   7    98   57   61   30   
61   61   61   61   61   61   61   61   61   61   61   61   61   61   64   68   49   99   34   49   33   37   39   9    13   15   95   58   51   42   39   25   102  106  92   7    98   58   33   37   
61   61   61   61   61   61   61   61   61   61   61   61   61   61   64   68   5    79   58   69   31   38   46   9    12   15   95   20   54   56   41   25   102  87   91   90   94   15   10   32   
61   61   61   61   61   61   61   61   61   61   61   61   61   61   64   68   91   100  98   22   29   103  85   95   12   76   67   64   96   39   42   93   103  86   90   17   93   59   14   106  
61   61   61   61   61   61   61   61   61   61   61   61   61   61   65   68   91   94   105  101  49   37   4    1    5    99   11   65   70   94   16   50   103  5    90   90   100  100  67   90   



c_offset =
-61  -60  -59  -58  -57  -56  -55  -54  -53  -52  -51  -50  -49  -48  -47  -46  -45  -44  -43  -42  -41  -40  -39  -38  -37  -36  -35  -34  -33  -32  -31  -30  -32  -32  -31  -47  23   -30  33   30   
-61  -60  -59  -58  -57  -56  -55  -54  -53  -52  -51  -50  -49  -48  -47  -46  -45  -44  -43  -42  -41  -40  -39  -38  -37  -36  -35  -34  -33  -32  -31  -31  -33  -33  -47  22   -31  33   32   26   
-61  -60  -59  -58  -57  -56  -55  -54  -53  -52  -51  -50  -49  -48  -47  -46  -45  -44  -43  -42  -41  -40  -39  -38  -37  -36  -35  -34  -33  -32  -32  -33  -34  -46  -36  -70  34   32   27   -18  
-61  -60  -59  -58  -57  -56  -55  -54  -53  -52  -51  -50  -49  -48  -47  -46  -45  -44  -43  -42  -41  -40  -39  -38  -37  -36  -35  -34  -33  -32  -34  -35  -33  -36  -36  -64  28   26   -18  -19  
-61  -60  -59  -58  -57  -56  -55  -54  -53  -52  -51  -50  -49  -48  -47  -46  -45  -44  -43  -42  -41  -40  -39  -38  -37  -36  -35  -34  -33  -34  -35  -33  -36  20   27   28   26   -43  -44  32   
-61  -60  -59  -58  -57  -56  -55  -54  -53  -52  -51  -50  -49  -48  -47  -46  -45  -44  -43  -42  -41  -40  -39  -38  -37  -36  -35  -34  -34  -36  -33  17   20   -32  29   26   32   13   -39  -64  
-61  -60  -59  -58  -57  -56  -55  -54  -53  -52  -51  -50  -49  -48  -47  -46  -45  -44  -43  -42  -41  -40  -39  -38  -37  -36  -35  -35  -36  -37  -48  -52  -73  31   25   23   36   -44  15   -65  
-61  -60  -59  -58  -57  -56  -55  -54  -53  -52  -51  -50  -49  -48  -47  -46  -45  -44  -43  -42  -41  -40  -39  -38  -37  -36  -35  -37  -38  -36  -52  -38  31   28   23   -23  -31  -5   2    33   
-61  -60  -59  -58  -57  -56  -55  -54  -53  -52  -51  -50  -49  -48  -47  -46  -45  -44  -43  -42  -41  -40  -39  -38  -37  -36  -38  -38  -36  15   -38  29   -66  24   -45  -23  -36  31   13   33   
-61  -60  -59  -58  -57  -56  -55  -54  -53  -52  -51  -50  -49  -48  -47  -46  -45  -44  -43  -42  -41  -40  -39  -38  -37  -38  -39  -37  -51  17   30   27   25   21   -23  -37  33   30   -4   -67  
-61  -60  -59  -58  -57  -56  -55  -54  -53  -52  -51  -50  -49  -48  -47  -46  -45  -44  -43  -42  -41  -40  -39  -38  -38  -39  -40  -51  -41  -76  28   27   22   -5   -37  -39  33   30   38   35   
-61  -60  -59  -58  -57  -56  -55  -54  -53  -52  -51  -50  -49  -48  -47  -46  -45  -44  -43  -42  -41  -40  -39  -38  -40  -41  -39  -41  -76  -38  25   21   -46  -38  -39  34   32   29   -52  -59  
-61  -60  -59  -58  -57  -56  -55  -54  -53  -52  -51  -50  -49  -48  -47  -46  -45  -44  -43  -42  -41  -40  -39  -40  -42  -39  -41  14   -37  25   20   -48  -25  -39  34   33   31   28   -59  -54  
-61  -60  -59  -58  -57  -56  -55  -54  -53  -52  -51  -50  -49  -48  -47  -46  -45  -44  -43  -42  -41  -40  -40  -42  -39  -54  5    27   24   21   18   -26  -40  -73  33   33   -43  -23  32   -59  
-61  -60  -59  -58  -57  -56  -55  -54  -53  -52  -51  -50  -49  -48  -47  -46  -45  -44  -43  -42  -41  -41  -42  -43  -54  -44  -79  25   23   19   -9   -40  -42  32   32   25   31   30   33   26   
-61  -60  -59  -58  -57  -56  -55  -54  -53  -52  -51  -50  -49  -48  -47  -46  -45  -44  -43  -42  -41  -43  -43  -41  -44  -79  -41  -71  19   -50  -63  -42  32   31   25   -44  -50  -56  33   -54  
-61  -60  -59  -58  -57  -56  -55  -54  -53  -52  -51  -50  -49  -48  -47  -46  -45  -44  -43  -42  -44  -44  -42  -44  11   -42  23   21   15   -28  -51  -42  31   31   -44  -1   -70  -60  25   -54  
-61  -60  -59  -58  -57  -56  -55  -54  -53  -52  -51  -50  -49  -48  -47  -46  -45  -44  -43  -43  -45  -42  -57  10   24   21   18   14   -3   -38  -61  28   31   16   0    -69  31   -53  24   -60  
-61  -60  -59  -58  -57  -56  -55  -54  -53  -52  -51  -50  -49  -48  -47  -46  -45  -44  -44  -45  -44  -61  -47  -82  22   20   15   -2   -74  11   -71  29   17   -46  -1   -51  -56  28   33   -41  
-61  -60  -59  -58  -57  -56  -55  -54  -53  -52  -51  -50  -49  -48  -47  -46  -45  -44  -46  -47  -63  -47  9    -44  20   14   -54  -28  -74  -13  -14  -33  -38  -48  -70  34   31   -55  35   -63  
-61  -60  -59  -58  -57  -56  -55  -54  -53  -52  -51  -50  -49  -48  -47  -46  -45  -46  -47  -45  -47  -1   20   19   14   -54  -29  -75  -9   -27  -28  -32  -46  -20  -14  33   23   -56  -60  24   
-61  -60  -59  -58  -57  -56  -55  -54  -53  -52  -51  -50  -49  -48  -47  -46  -46  -48  -45  -63  -49  -83  19   16   12   1    11   -74  -12  11   7    -23  -26  -55  -14  -57  21   -48  -53  -61  
-61  -60  -59  -58  -57  -56  -55  -54  -53  -52  -51  -50  -49  -48  -47  -47  -48  -49  -64  -49  -84  17   15   12   -33  -16  20   -32  -17  -73  -75  -1   -54  -17  -54  -58  25   31   -60  -61  
-61  -60  -59  -58  -57  -56  -55  -54  -53  -52  -51  -50  -49  -48  -47  -49  -50  -47  -50  6    -46  17   13   -56  -47  -16  -55  -19  -36  -28  -64  -20  7    -21  -60  30   -56  34   -61  -61  
-61  -60  -59  -58  -57  -56  -55  -54  -53  -52  -51  -50  -49  -48  -49  -50  -48  -62  6    18   -47  14   3    -35  -48  -61  -56  -79  -31  -68  30   -21  6    4    -52  -63  -57  -61  -57  24   
-61  -60  -59  -58  -57  -56  -55  -54  -53  -52  -51  -50  -49  -49  -51  -48  -66  -52  -87  16   12   8    -35  -49  -50  20   3    -60  -65  -30  -37  -72  32   -20  -52  33   -60  23   11   -9   
-61  -60  -59  -58  -57  -56  -55  -54  -53  -52  -51  -50  -50  -51  -50  -67  -52  -87  18   14   9    -18  -49  -51  22   19   -35  18   -67  -29  -64  -72  -15  -9   -11  31   22   -45  -64  -17  
-61  -60  -59  -58  -57  -56  -55  -54  -53  -52  -51  -50  -52  -53  -69  -65  -52  14   11   9    -59  -50  -51  22   21   18   -56  27   -73  -16  -74  8    4    -9   -53  -57  -43  24   -65  -62  
-61  -60  -59  -58  -57  -56  -55  -54  -53  -52  -51  -51  -54  -51  -65  -55  14   -81  11   -60  -38  -51  22   21   20   1    -56  1    -72  -75  -1   7    -10  -51  -60  -57  30   36   -43  27   
-61  -60  -59  -58  -57  -56  -55  -54  -53  -52  -51  -51  -54  -65  -55  15   11   10   6    -38  -52  21   21   21   -55  0    16   -39  -29  -62  -66  -15  -18  -7   -51  -57  29   -61  -15  0    
-61  -60  -59  -58  -57  -56  -55  -54  -53  -52  -51  -52  -55  -30  -55  15   11   6    -62  -52  -54  20   20   13   -34  -63  21   -58  -16  -53  -66  -72  -17  -72  -54  16   25   -63  -61  9    
-61  -60  -59  -58  -57  -56  -55  -54  -53  -52  -51  -53  -56  1    13   9    6    -62  -39  -76  -85  19   13   -56  -62  16   9    -66  -76  6    14   -73  -5   -30  -62  25   31   -59  -67  25   
-61  -60  -59  -58  -57  -56  -55  -54  -53  -52  -51  -53  -56  -77  -53  -1   -62  -39  -88  -75  15   19   -56  -13  23   21   11   -73  3    -32  14   -6   -51  -28  34   31   30   25   -62  -9   
-61  -60  -59  -58  -57  -56  -55  -54  -53  -52  -51  -53  -54  -54  -55  -81  -40  -82  -46  -3   -47  -56  -13  23   21   8    13   -14  -21  -34  14   -2   -63  -70  33   29   34   23   -17  -45  
-61  -60  -59  -58  -57  -56  -55  -54  -53  -52  -51  -50  -50  -50  -52  -52  -61  -84  -85  -2   -8   -11  -82  14   11   10   10   -51  -63  -35  14   -5   -8   -52  32   29   33   -63  -22  -46  
-61  -60  -59  -58  -57  -56  -55  -54  -53  -52  -51  -50  -49  -48  -50  -53  -61  -84  -15  18   13   -16  -82  14   12   6    -76  -58  -26  -54  17   25   -4   -61  -64  28   -62  -20  -23  9    
-61  -60  -59  -58  -57  -56  -55  -54  -53  -52  -51  -50  -49  -48  -50  -53  -33  -82  -16  -30  -13  -16  -17  14   11   10   -69  -31  -23  -13  -9   6    -70  -73  -58  28   -62  -21  5    2    
-61  -60  -59  -58  -57  -56  -55  -54  -53  -52  -51  -50  -49  -48  -50  -53  11   -62  -40  -50  -11  -17  -24  14   12   10   -69  7    -26  -27  -11  6    -70  -54  -57  -55  -58  22   28   7    
-61  -60  -59  -58  -57  -56  -55  -54  -53  -52  -51  -50  -49  -48  -50  -53  -75  -83  -80  -3   -9   -82  -63  -72  12   -51  -41  -37  -68  -10  -12  -62  -71  -53  -56  18   -57  -22  24   -67  
-61  -60  -59  -58  -57  -56  -55  -54  -53  -52  -51  -50  -49  -48  -51  -53  -75  -77  -87  -82  -29  -16  18   22   19   -74  15   -38  -42  -65  14   -19  -71  28   -56  -55  -64  -63  -29  -51  
